-0.5 0.523278 0.5 0.0232778 
-0.5 0.546556 0.5 0.0465556 
-0.5 0.569833 0.5 0.0698333 
-0.5 0.593111 0.5 0.0931111 
-0.5 0.616389 0.5 0.116389 
-0.5 0.639667 0.5 0.139667 
-0.5 0.662944 0.5 0.162944 
-0.5 0.686222 0.5 0.186222 
-0.5 0.7095 0.5 0.2095 
-0.5 0.732778 0.5 0.232778 
-0.5 0.756056 0.5 0.256056 
-0.5 0.779333 0.5 0.279333 
-0.5 0.802611 0.5 0.302611 
-0.5 0.825889 0.5 0.325889 
-0.5 0.849167 0.5 0.349167 
-0.5 0.872444 0.5 0.372444 
-0.5 0.895722 0.5 0.395722 
-0.5 0.919 0.5 0.419 
-0.5 0.942278 0.5 0.442278 
-0.5 0.965556 0.5 0.465556 
-0.5 -0.988833 0.5 0.488833 
-0.5 -0.955236 0.5 0.522431 
-0.5 -0.921638 0.5 0.556029 
-0.5 -0.888041 0.5 0.589626 
-0.5 -0.854443 0.5 0.623224 
-0.5 -0.820845 0.5 0.656821 
-0.5 -0.787248 0.5 0.690419 
-0.5 -0.75365 0.5 0.724016 
-0.5 -0.720053 0.5 0.757614 
-0.5 -0.686455 0.5 0.791212 
-0.5 -0.652857 0.5 0.824809 
-0.5 -0.61926 0.5 0.858407 
-0.5 -0.585662 0.5 0.892004 
-0.5 -0.552065 0.5 0.925602 
-0.5 -0.518467 0.5 0.9592 
-0.5 -0.484869 0.5 -0.992797 
-0.5 -0.461508 0.5 -0.969436 
-0.5 -0.438147 0.5 -0.946074 
-0.5 -0.414785 0.5 -0.922713 
-0.5 -0.391424 0.5 -0.899351 
-0.5 -0.368062 0.5 -0.87599 
-0.5 -0.344701 0.5 -0.852628 
-0.5 -0.321339 0.5 -0.829267 
-0.5 -0.297978 0.5 -0.805906 
-0.5 -0.274616 0.5 -0.782544 
-0.5 -0.251255 0.5 -0.759183 
-0.5 -0.227893 0.5 -0.735821 
-0.5 -0.204532 0.5 -0.71246 
-0.5 -0.18117 0.5 -0.689098 
-0.5 -0.157809 0.5 -0.665737 
-0.5 -0.134448 0.5 -0.642375 
-0.5 -0.111086 0.5 -0.619014 
-0.5 -0.0877246 0.5 -0.595652 
-0.5 -0.0643632 0.5 -0.572291 
-0.5 -0.0410017 0.5 -0.548929 
-0.5 -0.0176402 0.5 -0.525568 
-0.5 0.00572121 0.5 -0.502207 
-0.5 0.0290827 0.5 -0.478845 
-0.5 0.0524441 0.5 -0.455484 
-0.5 0.0758056 0.5 -0.432122 
-0.5 0.0991671 0.5 -0.408761 
-0.5 0.122529 0.5 -0.385399 
-0.5 0.14589 0.5 -0.362038 
-0.5 0.169251 0.5 -0.338676 
-0.5 0.192613 0.5 -0.315315 
-0.5 0.215974 0.5 -0.291953 
-0.5 0.239336 0.5 -0.268592 
-0.5 0.262697 0.5 -0.245231 
-0.5 0.286059 0.5 -0.221869 
-0.5 0.30942 0.5 -0.198508 
-0.5 0.332782 0.5 -0.175146 
-0.5 0.356143 0.5 -0.151785 
-0.5 0.379505 0.5 -0.128423 
-0.5 0.402866 0.5 -0.105062 
-0.5 0.426227 0.5 -0.0817003 
-0.5 0.449589 0.5 -0.0583388 
-0.5 0.47295 0.5 -0.0349774 
-0.5 0.496312 0.5 -0.0116159 
-0.5 0.519673 0.5 0.0117456 
-0.5 0.543035 0.5 0.035107 
-0.5 0.566396 0.5 0.0584685 
-0.5 0.589758 0.5 0.0818299 
-0.5 0.613119 0.5 0.105191 
-0.5 0.636481 0.5 0.128553 
-0.5 0.659842 0.5 0.151914 
-0.5 0.683204 0.5 0.175276 
-0.5 0.706565 0.5 0.198637 
-0.5 0.729926 0.5 0.221999 
-0.5 0.753288 0.5 0.24536 
-0.5 0.776649 0.5 0.268722 
-0.5 0.800011 0.5 0.292083 
-0.5 0.823372 0.5 0.315445 
-0.5 0.846734 0.5 0.338806 
-0.5 0.870095 0.5 0.362167 
-0.5 0.893457 0.5 0.385529 
-0.5 0.916818 0.5 0.40889 
-0.5 0.94018 0.5 0.432252 
-0.5 0.963541 0.5 0.455613 
-0.5 -0.986903 0.5 0.478975 
-0.5 -0.953429 0.5 0.512448 
