-0.489444 0.018 0.510556 0.018 
-0.5 0 0.5 0 
-0.531667 -0.054 0.468333 -0.054 
-0.584444 -0.144 0.415556 -0.144 
-0.658333 -0.27 0.341667 -0.27 
-0.753333 -0.432 0.246667 -0.432 
-0.869444 -0.63 0.130556 -0.63 
-0.869444 -0.864 -0.00666667 -0.864 
-0.711504 -0.864 -0.165393 -0.864 
-0.577231 -0.558 -0.347787 -0.558 
-0.459942 -0.288 -0.547164 -0.288 
-0.351108 -0.054 -0.754997 -0.054 
-0.242884 0.144 -0.96344 0.144 
-0.141956 0.306 -0.96344 0.306 
-0.0578417 0.432 -0.729871 0.432 
0.00635575 0.522 -0.516219 0.522 
0.053792 0.576 -0.319327 0.576 
0.0876221 0.594 -0.136042 0.594 
0.111001 0.576 0.0367918 0.576 
0.127085 0.522 0.20233 0.522 
0.140616 0.432 0.365317 0.432 
0.15314 0.306 0.527296 0.306 
0.161502 0.144 0.685112 0.144 
0.162546 -0.054 0.835611 -0.054 
0.153117 -0.288 0.975637 -0.288 
0.130061 -0.558 0.975637 -0.558 
0.0886105 -0.864 0.867567 -0.864 
0.028162 -0.864 0.740498 -0.864 
-0.0498785 -0.486 0.595838 -0.486 
-0.144105 -0.144 0.434991 -0.144 
-0.25311 0.162 0.259366 0.162 
-0.375488 0.432 0.0703679 0.432 
-0.509832 0.666 -0.130597 0.666 
-0.654736 0.864 -0.342121 0.864 
-0.808793 0.864 -0.562798 0.864 
-0.970598 0.738 -0.791223 0.738 
-0.970598 0.576 -0.791223 0.576 
-0.798222 0.378 -0.552227 0.378 
-0.629374 0.144 -0.316758 0.144 
-0.465459 -0.126 -0.0862242 -0.126 
-0.307886 -0.432 0.13797 -0.432 
-0.158059 -0.774 0.354416 -0.774 
-0.0173863 -0.774 0.56171 -0.774 
0.112727 -0.36 0.758443 -0.36 
0.230874 0.018 0.94321 0.018 
0.335648 0.36 0.94321 0.36 
0.424429 0.666 0.786787 0.666 
0.496161 0.936 0.613315 0.936 
0.556021 0.936 0.427971 0.936 
0.611887 0.738 0.238633 0.738 
0.666004 0.504 0.0475454 0.504 
0.713194 0.234 -0.150468 0.234 
0.748281 -0.072 -0.360585 -0.072 
0.76609 -0.414 -0.58798 -0.414 
0.761442 -0.792 -0.837832 -0.792 
0.729162 -0.792 -0.837832 -0.792 
0.661596 -0.342 -0.524841 -0.342 
0.554394 0.072 -0.251484 0.072 
0.415591 0.45 -0.00972862 0.45 
0.253222 0.792 0.20846 0.792 
0.075319 0.792 0.411115 0.792 
-0.102994 0.522 0.61336 0.522 
-0.286916 0.216 0.809997 0.216 
-0.484481 -0.126 0.809997 -0.126 
-0.706703 -0.504 0.653734 -0.504 
-0.955996 -0.918 0.470401 -0.918 
-0.955996 -0.918 0.258603 -0.918 
-0.648306 -0.432 0.0156331 -0.432 
-0.375742 0.018 -0.262462 0.018 
-0.126677 0.432 -0.564057 0.432 
0.119747 0.81 -0.868294 0.81 
0.359078 0.81 -0.868294 0.81 
0.574974 0.504 -0.531341 0.504 
0.762873 0.162 -0.222384 0.162 
0.925333 -0.216 0.0611319 -0.216 
0.925333 -0.63 0.321764 -0.63 
0.802862 -0.63 0.561396 -0.63 
0.661413 -0.144 0.782051 -0.144 
0.511176 0.306 0.782051 0.306 
0.356531 0.72 0.575695 0.72 
0.195276 0.72 0.362731 0.72 
0.0285037 0.378 0.144249 0.378 
-0.142694 -7.28584e-17 -0.0786585 -7.28584e-17 
-0.317226 -0.414 -0.3049 -0.414 
-0.494001 -0.864 -0.533384 -0.864 
-0.671094 -0.864 -0.762187 -0.864 
-0.848818 -0.342 -0.762187 -0.342 
-0.848818 0.144 -0.529333 0.144 
-0.664171 0.594 -0.299817 0.594 
-0.486093 0.594 -0.0768713 0.594 
-0.315533 0.216 0.138557 0.216 
-0.153438 -0.198 0.345521 -0.198 
-0.000754199 -0.648 0.543073 -0.648 
0.14157 -0.648 0.730266 -0.648 
0.272588 -0.126 0.906152 -0.126 
0.391353 0.36 0.906152 0.36 
0.49589 0.81 0.75564 0.81 
0.585167 0.81 0.589868 0.81 
0.664568 0.432 0.41422 0.432 
0.744762 0.018 0.239365 0.018 
0.820663 -0.432 0.060217 -0.432 
0.886886 -0.918 -0.128609 -0.918 
0.938047 -0.918 -0.332497 -0.918 
0.968762 -0.36 -0.556831 -0.36 
0.973646 0.162 -0.806996 0.162 
0.947315 0.648 -0.806996 0.648 
0.881852 0.648 -0.486164 0.648 
0.7727 0.234 -0.209022 0.234 
0.628016 -0.216 0.0325881 -0.216 
0.455953 -0.702 0.24682 -0.702 
0.264667 -0.702 0.441828 -0.702 
0.0660537 -0.144 0.629509 -0.144 
-0.134798 0.378 0.814952 0.378 
-0.346042 0.864 0.814952 0.864 
-0.578698 0.864 0.663741 0.864 
-0.835547 0.45 0.488337 0.45 
-0.835547 -1.2837e-16 0.287021 -1.2837e-16 
-0.524887 -0.486 0.0566195 -0.486 
-0.247243 -0.486 -0.206799 -0.486 
0.00880592 0.072 -0.491811 0.072 
0.265251 0.594 -0.776427 0.594 
0.513232 0.594 -0.776427 0.594 
0.73675 0.144 -0.456614 0.144 
0.931384 -0.342 -0.165684 -0.342 
0.931384 -0.864 0.098393 -0.864 
0.785577 -0.864 0.33684 -0.864 
0.615567 -0.27 0.551085 -0.27 
0.429465 0.288 0.749238 0.288 
0.242136 0.81 0.946163 0.81 
0.0495502 0.81 0.946163 0.81 
-0.159589 0.36 0.77279 0.36 
-0.387518 -0.126 0.580628 -0.126 
-0.634991 -0.648 0.368921 -0.648 
-0.902763 -0.648 0.136915 -0.648 
-0.902763 -0.054 -0.116146 -0.054 
-0.592585 0.504 -0.392231 0.504 
-0.30911 0.504 -0.695018 0.504 
-0.0318144 0.018 -0.695018 0.018 
0.234585 -0.504 -0.372837 -0.504 
0.486022 -0.504 -0.0656176 -0.504 
0.723675 0.09 0.227818 0.09 
0.948722 0.648 0.508647 0.648 
0.948722 0.648 0.778047 0.648 
0.743282 0.162 0.778047 0.162 
0.528299 -0.36 0.523639 -0.36 
0.312002 -0.918 0.267916 -0.918 
0.0957594 -0.918 0.012248 -0.918 
-0.12126 -0.288 -0.244197 -0.288 
-0.33989 0.306 -0.502252 0.306 
-0.560962 0.864 -0.762749 0.864 
-0.785308 0.864 -0.762749 0.864 
-0.785308 0.378 -0.494821 0.378 
-0.551007 -0.144 -0.229409 -0.144 
-0.322719 -0.702 0.0299913 -0.702 
-0.101099 -0.702 0.282724 -0.702 
0.113197 -0.072 0.528131 -0.072 
0.31951 0.522 0.765556 0.522 
0.517184 0.522 0.765556 0.522 
0.704402 9.36751e-17 0.54556 9.36751e-17 
0.882716 -0.558 0.316662 -0.558 
0.882716 -0.558 0.0859935 -0.558 
0.722192 0.072 -0.157984 0.072 
0.545173 0.666 -0.418457 0.666 
0.349896 0.666 -0.697186 0.666 
0.134601 0.144 -0.697186 0.144 
-0.104042 -0.414 -0.376463 -0.414 
-0.369878 -0.414 -0.0829325 -0.414 
-0.645041 0.216 0.201271 0.216 
-0.924087 0.81 0.481591 0.81 
-0.924087 0.81 0.746221 0.81 
-0.594694 0.288 0.978698 0.288 
-0.302232 -0.27 0.978698 -0.27 
-0.0456409 -0.864 0.815005 -0.864 
0.17667 -0.864 0.617032 -0.864 
0.373573 -0.198 0.393652 -0.198 
0.553941 0.432 0.153737 0.432 
0.735097 0.432 -0.0853909 0.432 
0.909437 -0.126 -0.331333 -0.126 
0.909437 -0.72 -0.592963 -0.72 
0.781677 -0.72 -0.881691 -0.72 
0.622825 -0.054 -0.881691 -0.054 
0.427408 0.576 -0.52606 0.576 
0.190738 0.576 -0.21168 0.576 
-0.0755504 0.018 0.0730804 0.018 
-0.356687 -0.576 0.342993 -0.576 
-0.638818 -0.576 0.61191 -0.576 
-0.933578 0.09 0.8682 0.09 
-0.933578 0.72 0.8682 0.72 
-0.572846 0.72 0.677883 0.72 
-0.259642 0.162 0.440038 0.162 
0.0176678 -0.432 0.166299 -0.432 
0.270716 -0.432 -0.131702 -0.432 
0.519632 0.234 -0.433836 0.234 
0.762195 0.864 -0.742321 0.864 
0.762195 0.864 -0.742321 0.864 
0.573053 0.306 -0.380414 0.306 
0.342659 -0.288 -0.0597591 -0.288 
0.0826461 -0.918 0.231277 -0.918 
-0.192215 -0.918 0.507465 -0.918 
-0.468071 -0.216 0.782658 -0.216 
-0.756554 0.45 0.782658 0.45 
-0.756554 0.45 0.551666 0.45 
-0.407097 -0.144 0.286928 -0.144 
-0.0958362 -0.774 -0.0160061 -0.774 
0.190196 -0.774 -0.344169 -0.774 
0.475245 -0.072 -0.673315 -0.072 
0.751402 0.594 -0.673315 0.594 
0.751402 0.594 -0.305672 0.594 
0.530766 -2.39392e-16 0.0286771 -2.39392e-16 
0.278256 -0.63 0.331152 -0.63 
0.00670456 -0.63 0.614586 -0.63 
-0.263805 0.072 0.899062 0.072 
-0.54499 0.738 0.899062 0.738 
-0.853093 0.738 0.654841 0.738 
-0.853093 0.144 0.380384 0.144 
-0.483345 -0.486 0.0728138 -0.486 
-0.151302 -0.486 -0.272461 -0.486 
0.159892 0.216 -0.638584 0.216 
0.471163 0.882 -0.638584 0.882 
0.762414 0.882 -0.249812 0.882 
0.762414 0.288 0.113852 0.288 
0.516079 -0.342 0.453286 -0.342 
0.245963 -0.342 0.76894 -0.342 
-0.0245265 0.36 0.76894 0.36 
-0.309009 0.36 0.469558 0.36 
-0.610499 -0.27 0.153168 -0.27 
-0.928683 -0.936 -0.179916 -0.936 
-0.928683 -0.936 -0.529377 -0.936 
-0.579567 -0.198 -0.896098 -0.198 
-0.244526 0.504 -0.896098 0.504 
0.0804388 0.504 -0.502467 0.504 
0.390466 -0.126 -0.123775 -0.126 
0.687005 -0.792 0.241428 -0.792 
0.971505 -0.792 0.594593 -0.792 
0.971505 -0.054 0.937169 -0.054 
0.704162 0.648 0.937169 0.648 
0.432381 0.648 0.60986 0.648 
0.154724 0.018 0.276676 0.018 
-0.127635 -0.648 -0.0612117 -0.648 
-0.413526 -0.648 -0.40263 -0.648 
-0.701775 0.09 -0.746407 0.09 
-0.701775 0.792 -0.746407 0.792 
-0.41197 0.792 -0.401074 0.792 
-0.123832 0.162 -0.0574085 0.162 
0.164291 -0.504 0.286242 -0.504 
0.451228 -0.504 0.628707 -0.504 
0.735806 0.234 0.968813 0.234 
0.735806 0.936 0.968813 0.936 
0.460048 0.936 0.637527 0.936 
0.178414 0.306 0.300366 0.306 
-0.107922 -0.36 -0.0414986 -0.36 
-0.39779 -0.36 -0.386894 -0.36 
-0.690016 0.378 -0.734648 0.378 
-0.690016 0.378 -0.734648 0.378 
-0.396233 -0.288 -0.385337 -0.288 
-0.104119 -0.288 -0.0376955 -0.288 
0.187981 0.45 0.309932 0.45 
0.478894 0.45 0.656374 0.45 
0.767449 -0.216 0.656374 -0.216 
0.767449 -0.918 0.317603 -0.918 
0.490039 -0.918 -0.0259599 -0.918 
0.203388 -0.144 -0.378762 -0.144 
-0.0938978 0.594 -0.742201 0.594 
-0.403217 0.594 -0.742201 0.594 
-0.727772 -0.072 -0.353711 -0.072 
-0.727772 -0.774 0.023239 -0.774 
-0.377372 -0.774 0.389193 -0.774 
-0.0427675 -3.50414e-16 0.739352 -3.50414e-16 
0.275715 0.738 0.739352 0.738 
0.576233 0.738 0.420581 0.738 
0.859583 0.072 0.0846424 0.072 
0.859583 -0.63 -0.252174 -0.63 
0.599408 -0.63 -0.60767 -0.63 
0.316132 0.144 -0.60767 0.144 
0.00581104 0.882 -0.203883 0.882 
-0.336311 0.882 0.168102 0.882 
-0.68451 0.216 0.534011 0.216 
-0.68451 -0.486 0.892048 -0.486 
-0.296359 -0.486 0.892048 -0.486 
0.0559887 0.288 0.594449 0.288 
0.372054 0.288 0.260568 0.288 
0.667912 -0.414 -0.09352 -0.414 
0.963944 -0.414 -0.447434 -0.414 
0.963944 0.36 -0.814896 0.36 
0.717811 0.36 -0.814896 0.36 
0.432403 -0.342 -0.377654 -0.342 
0.102192 -0.342 0.0147854 -0.342 
-0.257565 0.432 0.377678 0.432 
-0.618203 0.432 0.73969 0.432 
-0.618203 -0.27 0.73969 -0.27 
-0.213481 -0.27 0.421762 -0.27 
0.15013 0.504 0.0627227 0.504 
0.489729 0.504 -0.320328 0.504 
0.830293 -0.198 -0.702414 -0.198 
0.830293 -0.936 -0.702414 -0.936 
0.541194 -0.936 -0.268862 -0.936 
0.207293 -0.126 0.119886 -0.126 
-0.156155 0.648 0.479088 0.648 
-0.520483 0.648 0.83741 0.648 
-0.895412 -0.054 0.83741 -0.054 
-0.895412 -0.792 0.525035 -0.792 
-0.452619 -0.792 0.174485 -0.792 
-0.0534758 0.018 -0.219716 0.018 
0.322275 0.792 -0.637309 0.792 
0.697601 0.792 -0.637309 0.792 
0.697601 0.09 -0.192115 0.09 
0.37245 -0.648 0.221724 -0.648 
0.0157886 -0.648 0.604053 -0.648 
-0.344363 0.162 0.604053 0.162 
-0.720468 0.936 0.243951 0.936 
-0.720468 0.936 -0.13611 0.936 
-0.305278 0.234 -0.53798 0.234 
0.088417 -0.504 -0.961346 -0.504 
0.480376 -0.504 -0.961346 -0.504 
0.846435 0.306 -0.506928 0.306 
0.846435 0.306 -0.0844687 0.306 
0.539068 -0.432 0.306404 -0.432 
0.200023 -0.432 0.6656 -0.432 
-0.14613 0.378 0.6656 0.378 
-0.505363 0.378 0.3294 0.378 
-0.881644 -0.36 -0.0238477 -0.36 
-0.881644 -0.36 -0.394628 -0.36 
-0.470888 0.45 -0.784991 0.45 
-0.077579 0.45 -0.784991 0.45 
0.305367 -0.288 -0.3636 -0.288 
0.672717 -0.288 0.042196 -0.288 
0.672717 0.522 0.433207 0.522 
0.331852 0.522 0.808783 0.522 
-0.0163397 -0.216 0.808783 -0.216 
-0.378057 -0.216 0.456697 -0.216 
-0.757156 0.594 0.0872301 0.594 
-0.757156 0.594 -0.299822 0.594 
-0.343968 -0.144 -0.706151 -0.144 
0.0530981 -0.918 -0.706151 -0.918 
0.438686 -0.918 -0.268959 -0.918 
0.807356 -0.072 0.151316 -0.072 
0.807356 0.738 0.555763 0.738 
0.466696 0.738 0.944005 0.738 
0.118248 3.1572e-16 0.944005 3.1572e-16 
-0.243881 -0.774 0.579743 -0.774 
-0.623479 -0.774 0.198011 -0.774 
-0.623479 0.072 -0.201145 0.072 
-0.210551 0.882 -0.619108 0.882 
0.187777 0.882 -0.619108 0.882 
0.573584 0.144 -0.170736 0.144 
0.941279 -0.63 0.259524 -0.63 
0.941279 -0.63 0.672993 -0.63 
0.603061 0.216 0.672993 0.216 
0.249861 0.216 0.282601 0.216 
-0.105455 -0.558 -0.109909 -0.558 
-0.462009 -0.558 -0.503656 -0.558 
-0.818512 0.288 -0.897352 0.288 
-0.818512 0.288 -0.897352 0.288 
-0.459362 -0.486 -0.501009 -0.486 
-0.102517 -0.486 -0.10697 -0.486 
0.252809 0.36 0.285548 0.36 
0.608091 0.36 0.678024 0.36 
0.962827 -0.414 0.678024 -0.414 
0.962827 -0.414 0.292441 -0.414 
0.61792 0.432 -0.102351 0.432 
0.259055 0.432 -0.511101 0.432 
-0.114822 -0.342 -0.934862 -0.342 
-0.504764 -0.342 -0.934862 -0.342 
-0.913749 0.504 -0.47879 0.504 
-0.913749 0.504 -0.0375134 0.504 
-0.473203 -0.27 0.39063 -0.27 
-0.0513688 -0.27 0.800061 -0.27 
0.352015 0.576 0.800061 0.576 
0.73557 0.576 0.425365 0.576 
0.73557 -0.198 0.034701 -0.198 
0.381338 -0.198 -0.365816 -0.198 
0.01249 0.648 -0.78095 0.648 
-0.371951 0.648 -0.78095 0.648 
-0.774833 -0.126 -0.334546 -0.126 
-0.774833 -0.936 0.0978929 -0.936 
-0.341247 -0.936 0.517156 -0.936 
0.0736681 -0.054 0.917748 -0.054 
0.470215 0.792 0.917748 0.792 
0.847089 0.792 0.551682 0.792 
0.847089 0.018 0.16961 0.018 
0.499112 -0.792 -0.22195 -0.792 
0.137003 -0.792 -0.627642 -0.792 
-0.24016 0.09 -0.627642 0.09 
-0.635113 0.936 -0.191821 0.936 
-0.635113 0.936 0.230871 0.936 
-0.21039 0.162 0.640409 0.162 
0.195789 -0.648 0.640409 -0.648 
0.582104 -0.648 0.265676 -0.648 
0.952606 0.234 -0.124871 0.234 
0.952606 0.234 -0.519138 0.234 
0.615547 -0.576 -0.939324 -0.576 
0.247741 -0.576 -0.939324 -0.576 
-0.154652 0.306 -0.45622 0.306 
-0.597356 0.306 -0.0134265 0.306 
-0.597356 -0.504 0.420078 -0.504 
-0.125325 -0.504 0.837158 -0.504 
0.324281 0.378 0.837158 0.378 
0.750948 0.378 0.460936 0.378 
0.750948 -0.432 0.0661808 -0.432 
0.355811 -0.432 -0.338527 -0.432 
-0.0537457 0.45 -0.757654 0.45 
-0.477923 0.45 -0.757654 0.45 
-0.918575 -0.36 -0.310532 -0.36 
-0.918575 -0.36 0.128231 -0.36 
-0.448978 0.522 0.550071 0.522 
-0.00230395 0.522 0.948989 0.522 
0.422457 -0.288 0.948989 -0.288 
0.82471 -0.288 0.59028 -0.288 
0.82471 0.594 0.212298 0.594 
0.453255 0.594 -0.174202 0.594 
0.0689286 -0.216 -0.573573 -0.216 
-0.328585 -0.216 -0.573573 -0.216 
-0.741218 0.666 -0.148805 0.666 
-0.741218 0.666 0.268875 0.666 
-0.301664 -0.144 0.670211 -0.144 
0.115908 -0.144 0.670211 -0.144 
0.510691 0.738 0.309613 0.738 
0.885007 0.738 -0.0714522 0.738 
0.885007 -0.072 -0.453825 -0.072 
0.538943 -0.918 -0.859707 -0.918 
0.164848 -0.918 -0.859707 -0.918 
-0.240428 2.04697e-16 -0.397122 2.04697e-16 
-0.68228 0.882 0.0288862 0.882 
-0.68228 0.882 0.451654 0.882 
-0.214605 0.072 0.855405 0.072 
0.228031 -0.774 0.855405 -0.774 
0.64535 -0.774 0.497408 -0.774 
0.64535 0.144 0.115936 0.144 
0.261253 0.144 -0.272371 0.144 
-0.134004 -0.702 -0.671838 -0.702 
-0.54051 -0.702 -0.671838 -0.702 
-0.959904 0.216 -0.251244 0.216 
-0.959904 0.216 0.167071 0.216 
-0.515908 -0.63 0.56659 -0.63 
-0.0964691 -0.63 0.941551 -0.63 
0.299351 0.288 0.941551 0.288 
0.670977 0.288 0.610435 0.288 
0.670977 -0.558 0.254937 -0.558 
0.331173 -0.558 -0.105047 -0.558 
-0.0173345 0.36 -0.473736 0.36 
-0.374973 0.36 -0.851555 0.36 
-0.742168 -0.486 -0.851555 -0.486 
-0.742168 -0.486 -0.455343 -0.486 
-0.356643 0.432 -0.0673095 0.432 
0.0228358 0.432 0.314679 0.432 
0.396217 -0.414 0.690569 -0.414 
0.763446 -0.414 0.690569 -0.414 
0.763446 0.504 0.32713 0.504 
0.410219 0.504 -0.0412059 0.504 
0.0478392 -0.342 -0.418694 -0.342 
-0.324012 -0.342 -0.805654 -0.342 
-0.705653 0.576 -0.805654 0.576 
-0.705653 0.576 -0.400051 0.576 
-0.305374 -0.27 -0.00236948 -0.27 
0.0884082 -0.27 0.388816 -0.27 
0.475749 0.648 0.773559 0.648 
0.856703 0.648 0.773559 0.648 
0.856703 -0.198 0.401721 -0.198 
0.490043 -0.198 0.0246205 -0.198 
0.113818 0.72 -0.362045 0.72 
-0.272191 0.72 -0.758495 0.72 
-0.668207 -0.126 -0.758495 -0.126 
-0.668207 -0.126 -0.343174 -0.126 
-0.253232 0.792 0.0645106 0.792 
0.154755 0.792 0.465208 0.792 
0.555908 -0.054 0.859073 -0.054 
0.950382 -0.936 0.859073 -0.936 
0.950382 -0.936 0.478639 -0.936 
0.570582 0.018 0.0926258 0.018 
0.180846 0.936 -0.303322 0.936 
-0.218956 0.936 -0.709336 0.936 
-0.628954 0.09 -0.709336 0.09 
-0.628954 -0.792 -0.284256 -0.792 
-0.199688 -0.792 0.133485 -0.792 
0.222103 0.162 0.543751 0.162 
0.636662 0.162 0.946784 0.162 
0.636662 -0.72 0.946784 -0.72 
0.235716 -0.72 0.557363 -0.72 
-0.171732 0.234 0.16144 0.234 
-0.585926 0.234 -0.241228 0.234 
-0.585926 -0.648 -0.650885 -0.648 
-0.157563 -0.648 -0.650885 -0.648 
0.265505 0.306 -0.224981 0.306 
0.67811 0.306 0.190461 0.306 
0.67811 -0.576 0.595499 -0.576 
0.28456 -0.576 0.595499 -0.576 
-0.116142 0.378 0.209262 0.378 
-0.523352 0.378 -0.183483 0.378 
-0.937375 -0.504 -0.583041 -0.504 
-0.937375 -0.504 -0.583041 -0.504 
-0.508656 0.45 -0.168788 0.45 
-0.087667 0.45 0.237737 0.45 
0.325898 -0.432 0.636837 -0.432 
0.732345 -0.432 0.636837 -0.432 
0.732345 0.522 0.251811 0.522 
0.340964 0.522 -0.139016 0.522 
-0.060572 -0.36 -0.539998 -0.36 
-0.47225 -0.36 -0.951122 -0.36 
-0.894059 0.594 -0.951122 0.594 
-0.894059 0.594 -0.52133 0.594 
-0.453087 -0.288 -0.097986 -0.288 
-0.0202877 -0.288 0.317186 -0.288 
0.404712 0.666 0.724558 0.666 
0.822283 0.666 0.724558 0.666 
0.822283 -0.216 0.33176 -0.216 
0.420205 -0.216 -0.0669819 -0.216 
0.00771465 0.738 -0.476137 0.738 
-0.415118 0.738 -0.895634 0.738 
-0.848223 -0.144 -0.895634 -0.144 
-0.848223 -0.144 -0.457337 -0.144 
-0.395675 0.81 -0.0251793 0.81 
0.0482709 0.81 0.398375 0.81 
0.484044 -0.072 0.813757 -0.072 
0.912074 -0.072 0.813757 -0.072 
0.912074 0.882 0.413442 0.882 
0.499971 0.882 0.00708102 0.882 
0.0772422 1.64799e-15 -0.409905 1.64799e-15 
-0.355991 -0.918 -0.837396 -0.918 
-0.799607 -0.918 -0.837396 -0.918 
-0.799607 0.072 -0.391016 0.072 
-0.3363 0.072 0.0495365 0.072 
0.117989 -0.846 0.481071 -0.846 
0.563741 -0.846 0.904069 -0.846 
0.563741 0.144 0.904069 0.144 
0.133382 0.144 0.496465 0.144 
-0.304072 -0.774 0.0817643 -0.774 
-0.749104 -0.774 -0.340513 -0.774 
-0.749104 0.216 -0.770847 0.216 
-0.288394 0.216 -0.770847 0.216 
0.167735 -0.702 -0.322229 -0.702 
0.613708 -0.702 0.116233 -0.702 
0.613708 0.288 0.544381 0.288 
0.186867 0.288 0.96024 0.288 
-0.239625 -0.63 0.96024 -0.63 
-0.686188 -0.63 0.567849 -0.63 
-0.686188 0.36 0.150337 0.36 
-0.189115 0.36 -0.295454 0.36 
0.276305 -0.558 -0.772899 -0.558 
0.743147 -0.558 -0.772899 -0.558 
0.743147 0.432 -0.266435 0.432 
0.332555 0.432 0.204956 0.432 
-0.11454 -0.486 0.639845 -0.486 
-0.563592 -0.486 0.639845 -0.486 
-0.563592 0.504 0.230719 0.504 
-0.0703478 0.504 -0.20563 0.504 
0.392974 -0.414 -0.671902 -0.414 
0.857055 -0.414 -0.671902 -0.414 
0.857055 0.576 -0.175715 0.576 
0.449787 0.576 0.285262 0.576 
0.00576226 -0.342 0.709483 -0.342 
-0.441832 -0.342 0.709483 -0.342 
-0.908013 0.648 0.311535 0.648 
-0.908013 0.648 -0.110454 0.648 
-0.393057 -0.27 -0.56011 -0.27 
0.0919749 -0.27 -0.56011 -0.27 
0.569003 0.72 -0.0686208 0.72 
0.569003 0.72 0.408853 0.72 
0.117504 -0.198 0.870727 -0.198 
-0.337204 -0.198 0.870727 -0.198 
-0.812015 0.792 0.435942 0.792 
-0.812015 0.792 -0.0241871 0.792 
-0.286859 -0.126 -0.512541 -0.126 
0.208975 -0.126 -0.512541 -0.126 
0.695293 0.864 0.0186615 0.864 
0.695293 0.864 0.533859 0.864 
0.237164 -0.054 0.533859 -0.054 
-0.232441 -0.054 0.0437372 -0.054 
-0.708662 0.936 -0.453002 0.936 
-0.708662 0.936 -0.955924 0.936 
-0.217558 0.018 -0.955924 0.018 
0.263671 -0.936 -0.43678 -0.936 
0.72866 -0.936 0.0661229 -0.936 
0.72866 0.09 0.553586 0.09 
0.291108 0.09 0.553586 0.09 
-0.158257 -0.864 0.0902994 -0.864 
-0.613403 -0.864 -0.378768 -0.864 
-0.613403 0.162 -0.853323 0.162 
-0.144563 0.162 -0.853323 0.162 
0.314808 -0.792 -0.363616 -0.792 
0.758694 -0.792 0.110605 -0.792 
0.758694 0.234 0.569981 0.234 
0.341456 0.234 0.569981 0.234 
-0.0879308 -0.72 0.133866 -0.72 
-0.522258 -0.72 -0.30719 -0.72 
-0.961383 0.306 -0.753045 0.306 
-0.961383 0.306 -0.753045 0.306 
-0.513158 -0.648 -0.298091 -0.648 
-0.069306 -0.648 0.15249 -0.648 
0.370032 0.378 0.598558 0.378 
0.804714 0.378 0.598558 0.378 
0.804714 -0.576 0.164645 -0.576 
0.384165 -0.576 -0.27763 -0.576 
-0.0498126 0.45 -0.733334 0.45 
-0.497677 0.45 -0.733334 0.45 
-0.96176 -0.504 -0.250813 -0.504 
-0.96176 -0.504 0.225439 -0.504 
-0.468094 0.522 0.682365 0.522 
-0.000124043 0.522 0.682365 0.522 
0.441085 -0.432 0.273438 -0.432 
0.856784 -0.432 -0.160999 -0.432 
0.856784 0.594 -0.595668 0.594 
0.470472 0.594 -0.595668 0.594 
0.0517118 -0.36 -0.105985 -0.36 
-0.405201 -0.36 0.345545 -0.36 
-0.86524 0.666 0.793949 0.666 
-0.86524 0.666 0.793949 0.666 
-0.351801 -0.288 0.398945 -0.288 
0.110964 -0.288 -0.046733 -0.288 
0.545565 0.738 -0.520576 0.738 
0.545565 0.738 -0.520576 0.738 
0.139324 -0.216 -0.018373 -0.216 
-0.305069 -0.216 0.445677 -0.216 
-0.752587 0.81 0.906602 0.81 
-0.752587 0.81 0.906602 0.81 
-0.251669 -0.144 0.499077 -0.144 
0.198577 -0.144 0.0408795 -0.144 
0.620657 0.882 -0.445483 0.882 
0.620657 0.882 -0.931642 0.882 
0.229444 -0.072 -0.931642 -0.072 
-0.196645 -0.072 -0.387147 -0.072 
-0.663961 0.954 0.116122 0.954 
-0.663961 0.954 0.615121 0.954 
-0.167343 3.1572e-16 0.615121 3.1572e-16 
0.299913 3.1572e-16 0.161858 3.1572e-16 
0.737711 3.1572e-16 -0.320863 3.1572e-16 
0.737711 3.1572e-16 -0.802918 3.1572e-16 
0.330087 3.1572e-16 -0.802918 3.1572e-16 
-0.112096 3.1572e-16 -0.262903 3.1572e-16 
-0.595113 3.1572e-16 0.236278 3.1572e-16 
-0.595113 3.1572e-16 0.732912 3.1572e-16 
-0.0833565 3.1572e-16 0.732912 3.1572e-16 
0.39769 3.1572e-16 0.284143 3.1572e-16 
0.847889 3.1572e-16 -0.195474 3.1572e-16 
0.847889 3.1572e-16 -0.673872 3.1572e-16 
0.426925 3.1572e-16 -0.673872 3.1572e-16 
-0.0281393 3.1572e-16 -0.138214 3.1572e-16 
-0.523506 3.1572e-16 0.357143 3.1572e-16 
-0.523506 3.1572e-16 0.851705 3.1572e-16 
-5.70083e-05 3.1572e-16 0.851705 3.1572e-16 
0.491435 3.1572e-16 0.407049 3.1572e-16 
0.950604 3.1572e-16 -0.0699303 3.1572e-16 
0.950604 3.1572e-16 -0.54505 3.1572e-16 
0.519488 3.1572e-16 -0.54505 3.1572e-16 
0.0548701 3.1572e-16 -0.0136952 3.1572e-16 
-0.449374 3.1572e-16 0.478033 3.1572e-16 
-0.95264 3.1572e-16 0.97074 3.1572e-16 
-0.95264 3.1572e-16 0.97074 3.1572e-16 
-0.386424 3.1572e-16 0.540983 3.1572e-16 
0.122034 3.1572e-16 0.0534688 3.1572e-16 
0.595209 3.1572e-16 -0.46933 3.1572e-16 
0.595209 3.1572e-16 -0.46933 3.1572e-16 
0.148722 3.1572e-16 0.0801565 3.1572e-16 
-0.337391 3.1572e-16 0.590016 3.1572e-16 
-0.822526 3.1572e-16 0.590016 3.1572e-16 
-0.822526 3.1572e-16 0.107287 3.1572e-16 
-0.284742 3.1572e-16 -0.407118 3.1572e-16 
0.217876 3.1572e-16 -0.956691 3.1572e-16 
0.722002 3.1572e-16 -0.956691 3.1572e-16 
0.722002 3.1572e-16 -0.374643 3.1572e-16 
0.280449 3.1572e-16 0.168026 3.1572e-16 
-0.201206 3.1572e-16 0.670594 3.1572e-16 
-0.68378 3.1572e-16 0.670594 3.1572e-16 
-0.68378 3.1572e-16 0.195828 3.1572e-16 
-0.151012 3.1572e-16 -0.309391 3.1572e-16 
0.348653 3.1572e-16 -0.847712 3.1572e-16 
0.849012 3.1572e-16 -0.847712 3.1572e-16 
0.849012 3.1572e-16 -0.275747 3.1572e-16 
0.412022 3.1572e-16 0.256575 3.1572e-16 
-0.0654074 3.1572e-16 0.748459 3.1572e-16 
-0.54563 3.1572e-16 0.748459 3.1572e-16 
-0.54563 3.1572e-16 0.284979 3.1572e-16 
-0.0177725 3.1572e-16 -0.207696 3.1572e-16 
0.478984 3.1572e-16 -0.731472 3.1572e-16 
0.9757 3.1572e-16 -0.731472 3.1572e-16 
0.9757 3.1572e-16 -0.17315 3.1572e-16 
0.542819 3.1572e-16 0.345492 3.1572e-16 
0.0692973 3.1572e-16 0.823493 3.1572e-16 
-0.408855 3.1572e-16 0.823493 3.1572e-16 
-0.907234 3.1572e-16 0.374428 3.1572e-16 
-0.907234 3.1572e-16 -0.100461 3.1572e-16 
-0.357309 3.1572e-16 -0.604401 3.1572e-16 
0.16265 3.1572e-16 -0.604401 3.1572e-16 
0.672471 3.1572e-16 -0.0561499 3.1572e-16 
0.672471 3.1572e-16 0.475246 3.1572e-16 
0.192716 3.1572e-16 0.475246 3.1572e-16 
-0.300192 3.1572e-16 -0.0296703 3.1572e-16 
-0.799272 3.1572e-16 -0.540758 3.1572e-16 
-0.799272 3.1572e-16 -0.540758 3.1572e-16 
-0.288737 3.1572e-16 -0.0182149 3.1572e-16 
0.216388 3.1572e-16 0.498917 3.1572e-16 
0.715848 3.1572e-16 0.498917 3.1572e-16 
0.715848 3.1572e-16 -0.00390906 3.1572e-16 
0.23315 3.1572e-16 -0.515898 3.1572e-16 
-0.26463 3.1572e-16 -0.515898 3.1572e-16 
-0.780246 3.1572e-16 0.0253513 3.1572e-16 
-0.780246 3.1572e-16 0.560101 3.1572e-16 
-0.231838 3.1572e-16 0.560101 3.1572e-16 
0.285479 3.1572e-16 0.0731375 3.1572e-16 
0.773263 3.1572e-16 -0.443358 3.1572e-16 
0.773263 3.1572e-16 -0.960431 3.1572e-16 
0.320861 3.1572e-16 -0.960431 3.1572e-16 
-0.170283 3.1572e-16 -0.377685 3.1572e-16 
-0.706972 3.1572e-16 0.159518 3.1572e-16 
-0.706972 3.1572e-16 0.692139 3.1572e-16 
-0.13801 3.1572e-16 0.692139 3.1572e-16 
0.39821 3.1572e-16 0.209853 3.1572e-16 
0.903339 3.1572e-16 -0.303523 3.1572e-16 
0.903339 3.1572e-16 -0.816914 3.1572e-16 
0.43276 3.1572e-16 -0.816914 3.1572e-16 
-0.076205 3.1572e-16 -0.238304 3.1572e-16 
-0.630283 3.1572e-16 0.295193 3.1572e-16 
-0.630283 3.1572e-16 0.826076 3.1572e-16 
-0.0445588 3.1572e-16 0.826076 3.1572e-16 
0.506875 3.1572e-16 0.347997 3.1572e-16 
0.506875 3.1572e-16 -0.162838 3.1572e-16 
0.000417603 3.1572e-16 -0.681888 3.1572e-16 
-0.520129 3.1572e-16 -0.681888 3.1572e-16 
-0.520129 3.1572e-16 -0.136188 3.1572e-16 
0.0262443 3.1572e-16 0.397658 3.1572e-16 
0.564297 3.1572e-16 0.923182 3.1572e-16 
0.564297 3.1572e-16 0.923182 3.1572e-16 
0.041961 3.1572e-16 0.413374 3.1572e-16 
-0.487902 3.1572e-16 -0.103961 3.1572e-16 
-0.487902 3.1572e-16 -0.629089 3.1572e-16 
0.0589352 3.1572e-16 -0.629089 3.1572e-16 
0.597792 3.1572e-16 -0.0843956 3.1572e-16 
0.597792 3.1572e-16 0.445672 3.1572e-16 
0.0858048 3.1572e-16 0.959102 3.1572e-16 
-0.428618 3.1572e-16 0.959102 3.1572e-16 
-0.966121 3.1572e-16 0.475571 3.1572e-16 
-0.966121 3.1572e-16 -0.0370461 3.1572e-16 
-0.370524 3.1572e-16 -0.582247 3.1572e-16 
0.190282 3.1572e-16 -0.582247 3.1572e-16 
0.741274 3.1572e-16 0.0120815 3.1572e-16 
0.741274 3.1572e-16 0.589355 3.1572e-16 
0.220381 3.1572e-16 0.589355 3.1572e-16 
-0.312168 3.1572e-16 0.0395582 3.1572e-16 
-0.852803 3.1572e-16 -0.518325 3.1572e-16 
-0.852803 3.1572e-16 -0.518325 3.1572e-16 
-0.297269 3.1572e-16 0.0544567 3.1572e-16 
0.251271 3.1572e-16 0.620244 3.1572e-16 
0.792453 3.1572e-16 0.620244 3.1572e-16 
0.792453 3.1572e-16 0.0711976 3.1572e-16 
0.270861 3.1572e-16 -0.486407 3.1572e-16 
-0.265817 3.1572e-16 -0.486407 3.1572e-16 
-0.820702 3.1572e-16 0.100532 3.1572e-16 
-0.820702 3.1572e-16 0.682598 3.1572e-16 
-0.23144 3.1572e-16 0.682598 3.1572e-16 
0.323157 3.1572e-16 0.15438 3.1572e-16 
0.843372 3.1572e-16 -0.408219 3.1572e-16 
0.843372 3.1572e-16 -0.970171 3.1572e-16 
0.358834 3.1572e-16 -0.970171 3.1572e-16 
-0.166337 3.1572e-16 -0.339877 3.1572e-16 
-0.739464 3.1572e-16 0.242459 3.1572e-16 
-0.739464 3.1572e-16 0.821962 3.1572e-16 
-0.132627 3.1572e-16 0.821962 3.1572e-16 
0.437953 3.1572e-16 0.29883 3.1572e-16 
0.972482 3.1572e-16 -0.260353 3.1572e-16 
0.972482 3.1572e-16 -0.818221 3.1572e-16 
0.472493 3.1572e-16 -0.818221 3.1572e-16 
-0.0675786 3.1572e-16 -0.192868 3.1572e-16 
-0.65497 3.1572e-16 0.385166 3.1572e-16 
-0.65497 3.1572e-16 0.962442 3.1572e-16 
-0.0346498 3.1572e-16 0.962442 3.1572e-16 
0.547944 3.1572e-16 0.443953 3.1572e-16 
0.547944 3.1572e-16 -0.112353 3.1572e-16 
0.0150074 3.1572e-16 -0.675892 3.1572e-16 
-0.53175 3.1572e-16 -0.675892 3.1572e-16 
-0.53175 3.1572e-16 -0.0857706 3.1572e-16 
0.0419164 3.1572e-16 0.492973 3.1572e-16 
0.606187 3.1572e-16 0.492973 3.1572e-16 
0.606187 3.1572e-16 -0.0666871 3.1572e-16 
0.0634347 3.1572e-16 -0.633894 3.1572e-16 
-0.493428 3.1572e-16 -0.633894 3.1572e-16 
-0.493428 3.1572e-16 -0.039759 3.1572e-16 
0.090554 3.1572e-16 0.543041 3.1572e-16 
0.664938 3.1572e-16 0.543041 3.1572e-16 
0.664938 3.1572e-16 -0.0203327 3.1572e-16 
0.11219 3.1572e-16 -0.591556 3.1572e-16 
-0.454954 3.1572e-16 -0.591556 3.1572e-16 
-0.454954 3.1572e-16 0.00693656 3.1572e-16 
0.139559 3.1572e-16 0.594176 3.1572e-16 
0.724196 3.1572e-16 0.594176 3.1572e-16 
0.724196 3.1572e-16 0.0268173 3.1572e-16 
0.161432 3.1572e-16 -0.548682 3.1572e-16 
-0.416006 3.1572e-16 -0.548682 3.1572e-16 
-0.416006 3.1572e-16 0.0544213 3.1572e-16 
0.189056 3.1572e-16 0.646355 3.1572e-16 
0.783959 3.1572e-16 0.646355 3.1572e-16 
0.783959 3.1572e-16 0.0747593 3.1572e-16 
0.211178 3.1572e-16 -0.505256 3.1572e-16 
-0.376547 3.1572e-16 -0.505256 3.1572e-16 
-0.376547 3.1572e-16 0.102692 3.1572e-16 
0.239059 3.1572e-16 0.699554 3.1572e-16 
0.844224 3.1572e-16 0.699554 3.1572e-16 
0.844224 3.1572e-16 0.123488 3.1572e-16 
0.261443 3.1572e-16 -0.461263 3.1572e-16 
-0.336547 3.1572e-16 -0.461263 3.1572e-16 
-0.95203 3.1572e-16 0.151743 3.1572e-16 
-0.95203 3.1572e-16 0.764261 3.1572e-16 
-0.301974 3.1572e-16 0.764261 3.1572e-16 
0.30819 3.1572e-16 0.214103 3.1572e-16 
0.877848 3.1572e-16 -0.376561 3.1572e-16 
0.877848 3.1572e-16 -0.964699 3.1572e-16 
0.342503 3.1572e-16 -0.964699 3.1572e-16 
-0.234122 3.1572e-16 -0.307323 3.1572e-16 
-0.859595 3.1572e-16 0.301204 3.1572e-16 
-0.859595 3.1572e-16 0.911439 3.1572e-16 
-0.200506 3.1572e-16 0.911439 3.1572e-16 
0.417325 3.1572e-16 0.365917 3.1572e-16 
0.417325 3.1572e-16 -0.222029 3.1572e-16 
-0.146811 3.1572e-16 -0.816387 3.1572e-16 
-0.724328 3.1572e-16 -0.816387 3.1572e-16 
-0.724328 3.1572e-16 -0.196462 3.1572e-16 
-0.119714 3.1572e-16 0.413999 3.1572e-16 
0.473778 3.1572e-16 0.413999 3.1572e-16 
0.473778 3.1572e-16 -0.175156 3.1572e-16 
-0.0958178 3.1572e-16 -0.77097 3.1572e-16 
-0.679011 3.1572e-16 -0.77097 3.1572e-16 
-0.679011 3.1572e-16 -0.149302 3.1572e-16 
-0.0685787 3.1572e-16 0.462836 3.1572e-16 
0.530678 3.1572e-16 0.462836 3.1572e-16 
0.530678 3.1572e-16 -0.127869 3.1572e-16 
-0.0447082 3.1572e-16 -0.725475 3.1572e-16 
-0.63391 3.1572e-16 -0.725475 3.1572e-16 
-0.63391 3.1572e-16 -0.101728 3.1572e-16 
-0.0173028 3.1572e-16 0.512449 3.1572e-16 
0.588028 3.1572e-16 0.512449 3.1572e-16 
0.588028 3.1572e-16 -0.0801003 3.1572e-16 
0.00661034 3.1572e-16 -0.679788 3.1572e-16 
-0.588841 3.1572e-16 -0.679788 3.1572e-16 
-0.588841 3.1572e-16 -0.0536723 3.1572e-16 
0.0341997 3.1572e-16 0.56285 3.1572e-16 
0.64583 3.1572e-16 0.56285 3.1572e-16 
0.64583 3.1572e-16 -0.031803 3.1572e-16 
0.0582063 3.1572e-16 -0.633826 3.1572e-16 
-0.543667 3.1572e-16 -0.633826 3.1572e-16 
-0.543667 3.1572e-16 -0.00509046 3.1572e-16 
0.0859847 3.1572e-16 0.614035 3.1572e-16 
0.704085 3.1572e-16 0.614035 3.1572e-16 
0.704085 3.1572e-16 0.0170311 3.1572e-16 
0.110099 3.1572e-16 -0.587569 3.1572e-16 
-0.49835 3.1572e-16 -0.587569 3.1572e-16 
-0.49835 3.1572e-16 0.044026 3.1572e-16 
0.138071 3.1572e-16 0.665998 3.1572e-16 
0.762794 3.1572e-16 0.665998 3.1572e-16 
0.762794 3.1572e-16 0.0664092 3.1572e-16 
0.162307 3.1572e-16 -0.540996 3.1572e-16 
-0.452854 3.1572e-16 -0.540996 3.1572e-16 
-0.452854 3.1572e-16 0.0936844 3.1572e-16 
0.190478 3.1572e-16 0.718733 3.1572e-16 
0.821956 3.1572e-16 0.718733 3.1572e-16 
0.821956 3.1572e-16 0.116338 3.1572e-16 
0.214848 3.1572e-16 -0.494089 3.1572e-16 
-0.407144 3.1572e-16 -0.494089 3.1572e-16 
-0.407144 3.1572e-16 0.143891 3.1572e-16 
0.243221 3.1572e-16 0.772234 3.1572e-16 
0.881573 3.1572e-16 0.772234 3.1572e-16 
0.881573 3.1572e-16 0.166821 3.1572e-16 
0.267738 3.1572e-16 -0.446829 3.1572e-16 
-0.361189 3.1572e-16 -0.446829 3.1572e-16 
-0.361189 3.1572e-16 0.194654 3.1572e-16 
0.296321 3.1572e-16 0.826499 3.1572e-16 
0.941654 3.1572e-16 0.826499 3.1572e-16 
0.941654 3.1572e-16 0.217869 3.1572e-16 
0.321018 3.1572e-16 -0.399179 3.1572e-16 
-0.314959 3.1572e-16 -0.399179 3.1572e-16 
-0.968561 3.1572e-16 0.246043 3.1572e-16 
-0.968561 3.1572e-16 0.89276 3.1572e-16 
-0.27941 3.1572e-16 0.89276 3.1572e-16 
0.366514 3.1572e-16 0.313949 3.1572e-16 
0.967709 3.1572e-16 -0.309591 3.1572e-16 
0.967709 3.1572e-16 -0.929478 3.1572e-16 
0.400736 3.1572e-16 -0.929478 3.1572e-16 
-0.208792 3.1572e-16 -0.23852 3.1572e-16 
-0.868799 3.1572e-16 0.401959 3.1572e-16 
-0.868799 3.1572e-16 0.401959 3.1572e-16 
-0.177097 3.1572e-16 -0.206825 3.1572e-16 
0.466008 3.1572e-16 -0.864206 3.1572e-16 
0.466008 3.1572e-16 -0.864206 3.1572e-16 
-0.144775 3.1572e-16 -0.174503 3.1572e-16 
-0.806037 3.1572e-16 0.464721 3.1572e-16 
-0.806037 3.1572e-16 0.464721 3.1572e-16 
-0.11308 3.1572e-16 -0.142808 3.1572e-16 
0.531281 3.1572e-16 -0.798933 3.1572e-16 
0.531281 3.1572e-16 -0.798933 3.1572e-16 
-0.0807574 3.1572e-16 -0.110486 3.1572e-16 
-0.743275 3.1572e-16 0.527483 3.1572e-16 
-0.743275 3.1572e-16 0.527483 3.1572e-16 
-0.0490627 3.1572e-16 -0.0787909 3.1572e-16 
0.596553 3.1572e-16 -0.733661 3.1572e-16 
0.596553 3.1572e-16 -0.733661 3.1572e-16 
-0.0167403 3.1572e-16 -0.0464686 3.1572e-16 
-0.680513 3.1572e-16 0.590244 3.1572e-16 
-0.680513 3.1572e-16 0.590244 3.1572e-16 
0.0149544 3.1572e-16 -0.0147738 3.1572e-16 
0.661825 3.1572e-16 -0.668389 3.1572e-16 
0.661825 3.1572e-16 -0.668389 3.1572e-16 
0.0472768 3.1572e-16 0.0175486 3.1572e-16 
-0.617751 3.1572e-16 0.653006 3.1572e-16 
-0.617751 3.1572e-16 0.653006 3.1572e-16 
0.0789716 3.1572e-16 0.0492433 3.1572e-16 
0.727098 3.1572e-16 -0.603116 3.1572e-16 
0.727098 3.1572e-16 -0.603116 3.1572e-16 
0.111294 3.1572e-16 0.0815657 3.1572e-16 
-0.554989 3.1572e-16 0.715768 3.1572e-16 
-0.554989 3.1572e-16 0.715768 3.1572e-16 
0.142989 3.1572e-16 0.11326 3.1572e-16 
0.79237 3.1572e-16 -0.537844 3.1572e-16 
0.79237 3.1572e-16 -0.537844 3.1572e-16 
0.175311 3.1572e-16 0.145583 3.1572e-16 
-0.492227 3.1572e-16 0.77853 3.1572e-16 
-0.492227 3.1572e-16 0.77853 3.1572e-16 
0.207006 3.1572e-16 0.177278 3.1572e-16 
0.857642 3.1572e-16 -0.472572 3.1572e-16 
0.857642 3.1572e-16 -0.472572 3.1572e-16 
0.239328 3.1572e-16 0.2096 3.1572e-16 
-0.429465 3.1572e-16 0.841292 3.1572e-16 
-0.429465 3.1572e-16 0.841292 3.1572e-16 
0.271023 3.1572e-16 0.241295 3.1572e-16 
0.922914 3.1572e-16 -0.4073 3.1572e-16 
0.922914 3.1572e-16 -0.4073 3.1572e-16 
0.303345 3.1572e-16 0.273617 3.1572e-16 
-0.366704 3.1572e-16 0.904054 3.1572e-16 
-0.366704 3.1572e-16 0.904054 3.1572e-16 
0.33504 3.1572e-16 0.305312 3.1572e-16 
0.33504 3.1572e-16 -0.342027 3.1572e-16 
-0.306269 3.1572e-16 -0.342027 3.1572e-16 
-0.964354 3.1572e-16 0.324049 3.1572e-16 
-0.964354 3.1572e-16 0.324049 3.1572e-16 
-0.273881 3.1572e-16 -0.30964 3.1572e-16 
0.367343 3.1572e-16 -0.30964 3.1572e-16 
0.367343 3.1572e-16 0.385439 3.1572e-16 
-0.254983 3.1572e-16 0.385439 3.1572e-16 
-0.883997 3.1572e-16 -0.280709 3.1572e-16 
-0.883997 3.1572e-16 -0.961017 3.1572e-16 
-0.22902 3.1572e-16 -0.961017 3.1572e-16 
0.417951 3.1572e-16 -0.253305 3.1572e-16 
0.417951 3.1572e-16 0.437909 3.1572e-16 
-0.200714 3.1572e-16 0.437909 3.1572e-16 
-0.826072 3.1572e-16 -0.224576 3.1572e-16 
-0.826072 3.1572e-16 -0.901182 3.1572e-16 
-0.174854 3.1572e-16 -0.901182 3.1572e-16 
0.468435 3.1572e-16 -0.197289 3.1572e-16 
0.468435 3.1572e-16 0.490228 3.1572e-16 
-0.146732 3.1572e-16 0.490228 3.1572e-16 
-0.768598 3.1572e-16 -0.168754 3.1572e-16 
-0.768598 3.1572e-16 -0.841822 3.1572e-16 
-0.120968 3.1572e-16 -0.841822 3.1572e-16 
0.518805 3.1572e-16 -0.141577 3.1572e-16 
0.518805 3.1572e-16 0.542408 3.1572e-16 
-0.0930246 3.1572e-16 0.542408 3.1572e-16 
-0.711558 3.1572e-16 -0.113229 3.1572e-16 
-0.711558 3.1572e-16 -0.78292 3.1572e-16 
-0.0673514 3.1572e-16 -0.78292 3.1572e-16 
0.56907 3.1572e-16 -0.086157 3.1572e-16 
0.56907 3.1572e-16 0.594461 3.1572e-16 
-0.0395789 3.1572e-16 0.594461 3.1572e-16 
-0.654939 3.1572e-16 -0.0579885 3.1572e-16 
-0.654939 3.1572e-16 -0.724462 3.1572e-16 
-0.013991 3.1572e-16 -0.724462 3.1572e-16 
0.61924 3.1572e-16 -0.031014 3.1572e-16 
0.61924 3.1572e-16 0.646398 3.1572e-16 
0.0136172 3.1572e-16 0.646398 3.1572e-16 
-0.598727 3.1572e-16 -0.00301753 3.1572e-16 
-0.598727 3.1572e-16 -0.66643 3.1572e-16 
0.0391253 3.1572e-16 -0.66643 3.1572e-16 
0.669327 3.1572e-16 0.0238651 3.1572e-16 
0.669327 3.1572e-16 0.69823 3.1572e-16 
0.0665758 3.1572e-16 0.69823 3.1572e-16 
-0.542905 3.1572e-16 0.0516967 3.1572e-16 
-0.542905 3.1572e-16 -0.60881 3.1572e-16 
0.0920096 3.1572e-16 -0.60881 3.1572e-16 
0.71934 3.1572e-16 0.0784937 3.1572e-16 
0.71934 3.1572e-16 0.74997 3.1572e-16 
0.119309 3.1572e-16 0.74997 3.1572e-16 
-0.487462 3.1572e-16 0.106167 3.1572e-16 
-0.487462 3.1572e-16 -0.551587 3.1572e-16 
0.144674 3.1572e-16 -0.551587 3.1572e-16 
0.769288 3.1572e-16 0.132885 3.1572e-16 
0.769288 3.1572e-16 0.801627 3.1572e-16 
0.171829 3.1572e-16 0.801627 3.1572e-16 
-0.432383 3.1572e-16 0.160407 3.1572e-16 
-0.432383 3.1572e-16 -0.494745 3.1572e-16 
0.19713 3.1572e-16 -0.494745 3.1572e-16 
0.819182 3.1572e-16 0.187051 3.1572e-16 
0.819182 3.1572e-16 0.853213 3.1572e-16 
0.224146 3.1572e-16 0.853213 3.1572e-16 
-0.377655 3.1572e-16 0.21443 3.1572e-16 
-0.377655 3.1572e-16 -0.43827 3.1572e-16 
0.249389 3.1572e-16 -0.43827 3.1572e-16 
0.869033 3.1572e-16 0.241006 3.1572e-16 
0.869033 3.1572e-16 0.904739 3.1572e-16 
0.276274 3.1572e-16 0.904739 3.1572e-16 
-0.323264 3.1572e-16 0.268247 3.1572e-16 
-0.936706 3.1572e-16 -0.382148 3.1572e-16 
-0.936706 3.1572e-16 -0.382148 3.1572e-16 
-0.298187 3.1572e-16 0.293325 3.1572e-16 
0.328769 3.1572e-16 0.957234 3.1572e-16 
0.943381 3.1572e-16 0.957234 3.1572e-16 
